50
43
-6
45
-58
90
37
92
25
-15
84
55
44
-43
-74
86
-83
77
39
91
-13
47
-52
61
-52
63
-61
90
-73
-90
90
77
59
6
97
80
60
-53
29
-10
-98
-26
10
81
-15
-6
51
89
9
-74
-31
-22
-73
72
-65
76
-65
80
-9
80
-44
-15
24
7
-53
-50
92
44
78
38
36
52
8
91
68
96
68
86
-92
93
-94
62
-25
83
-56
65
56
100
-100
31
-34
65
-72
-81
17
35
-82
-51
59
87
13
78
62
86
-39
-45
15
-25
5
-30
-81
-28
-81
14
24
70
-54
3
-22
4
-38
51
-92
61
-96
-56
44
0
3
-40
-31
65
-58
-80
-67
86
-70
-75
39
-74
-49
50
-2
54
-15
16
-44
33
-71
-62
51
-13
-51
-42
-98
86
-100
3
-36
24
-37
4
17
5
-50
-99
58
24
-89
-76
94
-29
51
-61
-12
-50
-12
81
-91
90
-100
94
21
95
-38
79
-15
99
-93
-13
53
35
-42
47
79
67
-88
-59
-71
-37
-83
